# 3ds Max Wavefront OBJ Exporter v0.97b - (c)2007 guruware
# File Created: 24.01.2014 22:13:31

mtllib characterRig.mtl

#
# object Marine_NoMesh_NoBonesPelvis
#

v  0.3370 11.6190 3.1537
v  1.1891 12.0067 2.7447
v  1.1228 12.1356 1.8885
v  0.1069 11.6998 1.8485
v  -0.1779 11.6308 0.2332
v  0.9028 12.0702 -0.0479
v  0.2313 10.0903 0.3730
v  -0.1417 9.8810 0.4388
v  0.2979 10.0137 2.9318
v  0.6337 10.1562 2.6950
v  1.2553 11.6429 2.8487
v  0.3685 11.3757 3.3320
v  1.9559 12.2767 0.5401
v  2.1799 12.1448 1.8852
v  0.7718 9.9405 1.8234
v  0.5465 10.1240 0.8388
v  0.1012 9.6896 1.8163
v  1.9921 12.5092 1.9197
v  1.7783 12.6622 0.6627
v  0.9892 12.4203 0.2411
v  -0.1431 11.8751 0.4309
v  -0.8341 12.1356 2.2335
v  -0.6036 12.0067 3.0608
v  -0.5147 10.0903 0.5046
v  -1.2897 12.0702 0.3386
v  -0.6302 11.6429 3.1812
v  -0.0987 10.1562 2.8241
v  -0.5266 9.9405 2.0523
v  -1.8286 12.1448 2.5920
v  -2.0782 12.2767 1.2514
v  -0.6516 10.1240 1.0500
v  -1.8694 12.6622 1.3059
v  -1.6403 12.5092 2.5602
v  -1.2720 12.4203 0.6398
# 34 vertices

vn 0.0142 0.9966 0.0808
vn -0.3575 0.9190 0.1661
vn -0.3875 0.9063 0.1689
vn 0.0167 0.9954 0.0948
vn -0.1720 -0.1374 -0.9755
vn -0.1956 -0.1400 -0.9706
vn -0.1292 -0.1236 -0.9839
vn -0.1724 -0.1185 -0.9779
vn 0.1630 -0.3452 0.9243
vn 0.6341 -0.3371 0.6959
vn 0.5442 -0.2794 0.7911
vn 0.1664 -0.2859 0.9437
vn 0.8196 -0.5321 -0.2124
vn 0.8298 -0.5248 -0.1896
vn 0.7994 -0.5446 -0.2538
vn 0.7841 -0.5526 -0.2825
vn 0.0053 -0.9995 0.0303
vn -0.0235 -0.9908 -0.1335
vn 0.4314 -0.8760 -0.2155
vn 0.3804 -0.9248 0.0056
vn 0.4821 -0.8348 -0.2659
vn -0.3941 0.9026 0.1732
vn -0.3831 0.9052 0.1840
vn -0.3895 0.9021 0.1855
vn 0.5988 -0.4203 -0.6818
vn 0.7972 -0.4611 0.3897
vn 0.5366 -0.7953 0.2819
vn 0.0608 -0.9366 0.3451
vn 0.0210 0.9927 0.1191
vn -0.4183 0.6250 -0.6591
vn 0.2725 0.4413 0.8550
vn 0.8861 0.4526 -0.0995
vn 0.3231 0.4923 -0.8082
vn 0.6059 0.2823 0.7438
vn 0.4219 0.9063 0.0262
vn 0.3928 0.9190 0.0338
vn -0.2151 -0.1236 -0.9687
vn -0.1482 -0.1400 -0.9790
vn -0.2408 -0.2794 0.9295
vn -0.3578 -0.3371 0.8708
vn -0.8380 -0.5446 0.0350
vn -0.8447 -0.5248 0.1056
vn -0.8428 -0.5321 0.0808
vn -0.8334 -0.5526 0.0028
vn -0.4791 -0.8760 -0.0550
vn -0.3556 -0.9248 0.1354
vn -0.5440 -0.8348 -0.0850
vn 0.4229 0.9052 0.0419
vn 0.4296 0.9026 0.0280
vn 0.4295 0.9021 0.0411
vn -0.7959 -0.4203 -0.4359
vn -0.6158 -0.4611 0.6389
vn -0.4078 -0.7953 0.4485
vn 0.1677 0.6250 -0.7624
vn 0.0364 0.4413 0.8966
vn -0.8667 0.4526 0.2095
vn -0.5801 0.4923 -0.6490
vn -0.3150 0.2823 0.9062
# 58 vertex normals

g Marine_NoMesh_NoBonesPelvis
usemtl wire_212000183
s 4
f 1//1 2//2 3//3 4//4 
s 8
f 5//5 6//6 7//7 8//8 
s 32
f 9//9 10//10 11//11 12//12 
s 64
f 13//13 14//14 15//15 16//16 
s 2
f 17//17 8//18 7//19 15//20 
f 15//20 7//19 16//21 
s 4
f 3//3 18//22 19//23 20//24 
s off
f 7//25 6//25 13//25 16//25 
f 15//26 14//26 11//26 10//26 
s 2
f 15//20 10//27 9//28 17//17 
s 4
f 4//4 3//3 20//24 21//29 
s off
f 21//30 20//30 6//30 5//30 
f 12//31 11//31 2//31 1//31 
f 19//32 18//32 14//32 13//32 
f 13//33 6//33 20//33 19//33 
f 11//34 14//34 18//34 2//34 
s 4
f 2//2 18//22 3//3 
f 22//35 23//36 1//1 4//4 
s 8
f 24//37 25//38 5//5 8//8 
s 32
f 26//39 27//40 9//9 12//12 
s 64
f 28//41 29//42 30//43 31//44 
s 2
f 24//45 8//18 17//17 28//46 
f 24//45 28//46 31//47 
s 4
f 32//48 33//49 22//35 34//50 
s off
f 30//51 25//51 24//51 31//51 
f 26//52 29//52 28//52 27//52 
s 2
f 9//28 27//53 28//46 17//17 
s 4
f 34//50 22//35 4//4 21//29 
s off
f 25//54 34//54 21//54 5//54 
f 23//55 26//55 12//55 1//55 
f 29//56 33//56 32//56 30//56 
f 34//57 25//57 30//57 32//57 
f 33//58 29//58 26//58 23//58 
s 4
f 33//49 23//36 22//35 
# 30 polygons - 4 triangles

#
# object Marine_NoMesh_NoBonesLThigh1
#

v  0.6328 11.3190 0.6873
v  0.8457 10.7101 2.0967
v  1.9979 10.8820 1.9970
v  1.7850 11.4909 0.5876
v  0.9037 8.8658 -0.4135
v  2.0558 9.0377 -0.5132
v  2.2687 8.4288 0.8962
v  1.1166 8.2569 0.9959
# 8 vertices

vn -0.1002 0.9078 0.4073
vn 0.1002 -0.9078 -0.4073
vn -0.1374 0.3928 -0.9093
vn 0.9854 0.1471 -0.0853
vn 0.1374 -0.3928 0.9093
vn -0.9854 -0.1471 0.0853
# 6 vertex normals

g Marine_NoMesh_NoBonesLThigh1
usemtl wire_250126000
s 2
f 35//59 36//59 37//59 38//59 
s 4
f 39//60 40//60 41//60 42//60 
s 8
f 35//61 38//61 40//61 39//61 
s 16
f 38//62 37//62 41//62 40//62 
s 32
f 37//63 36//63 42//63 41//63 
s 64
f 36//64 35//64 39//64 42//64 
# 6 polygons

#
# object Marine_NoMesh_NoBonesLThigh2
#

v  0.8488 8.8362 -0.3611
v  1.1889 8.2485 1.0323
v  2.3236 8.4584 0.8438
v  1.9835 9.0460 -0.5496
v  1.1197 6.3830 -1.4619
v  2.2543 6.5928 -1.6503
v  2.5944 6.0052 -0.2570
v  1.4598 5.7953 -0.0685
# 8 vertices

vn -0.1002 0.9078 0.4073
vn 0.1002 -0.9078 -0.4073
vn -0.2194 0.3791 -0.8989
vn 0.9705 0.1795 -0.1612
vn 0.2194 -0.3791 0.8989
vn -0.9705 -0.1795 0.1612
# 6 vertex normals

g Marine_NoMesh_NoBonesLThigh2
usemtl wire_250126000
s 2
f 43//65 44//65 45//65 46//65 
s 4
f 47//66 48//66 49//66 50//66 
s 8
f 43//67 46//67 48//67 47//67 
s 16
f 46//68 45//68 49//68 48//68 
s 32
f 45//69 44//69 50//69 49//69 
s 64
f 44//70 43//70 47//70 50//70 
# 6 polygons

#
# object Marine_NoMesh_NoBonesLCalfCalf
#

v  1.0538 6.5978 -1.0033
v  1.4438 5.5096 -0.4239
v  2.6603 5.7903 -0.7155
v  2.2703 6.8785 -1.2950
v  0.9131 5.8535 -2.3067
v  2.1296 6.1342 -2.5983
v  2.5196 5.0459 -2.0189
v  1.3031 4.7652 -1.7273
# 8 vertices

vn 0.0933 0.4938 0.8646
vn -0.0933 -0.4938 -0.8646
vn -0.3016 0.8416 -0.4481
vn 0.9489 0.2189 -0.2275
vn 0.3016 -0.8416 0.4481
vn -0.9489 -0.2189 0.2275
# 6 vertex normals

g Marine_NoMesh_NoBonesLCalfCalf
usemtl wire_250126000
s 2
f 51//71 52//71 53//71 54//71 
s 4
f 55//72 56//72 57//72 58//72 
s 8
f 51//73 54//73 56//73 55//73 
s 16
f 54//74 53//74 57//74 56//74 
s 32
f 53//75 52//75 58//75 57//75 
s 64
f 52//76 51//76 55//76 58//76 
# 6 polygons

#
# object Marine_NoMesh_NoBonesLCalf2
#

v  0.9146 5.8560 -2.3083
v  1.3001 4.7667 -1.7278
v  2.5181 5.0434 -2.0173
v  2.1326 6.1327 -2.5978
v  0.7739 5.1116 -3.6117
v  1.9919 5.3883 -3.9012
v  2.3773 4.2990 -3.3207
v  1.1593 4.0223 -3.0312
# 8 vertices

vn 0.0933 0.4938 0.8646
vn -0.0933 -0.4938 -0.8646
vn -0.2981 0.8424 -0.4489
vn 0.9500 0.2158 -0.2258
vn 0.2981 -0.8424 0.4489
vn -0.9500 -0.2158 0.2258
# 6 vertex normals

g Marine_NoMesh_NoBonesLCalf2
usemtl wire_250126000
s 2
f 59//77 60//77 61//77 62//77 
s 4
f 63//78 64//78 65//78 66//78 
s 8
f 59//79 62//79 64//79 63//79 
s 16
f 62//80 61//80 65//80 64//80 
s 32
f 61//81 60//81 66//81 65//81 
s 64
f 60//82 59//82 63//82 66//82 
# 6 polygons

#
# object Marine_NoMesh_NoBonesLCalf3
#

v  0.7809 5.1226 -3.6187
v  1.1463 4.0289 -3.0336
v  2.3703 4.2880 -3.3137
v  2.0050 5.3817 -3.8988
v  0.6402 4.3782 -4.9221
v  1.8643 4.6373 -5.2022
v  2.2296 3.5436 -4.6170
v  1.0056 3.2845 -4.3370
# 8 vertices

vn 0.0933 0.4938 0.8646
vn -0.0933 -0.4938 -0.8646
vn -0.2825 0.8458 -0.4525
vn 0.9547 0.2020 -0.2185
vn 0.2825 -0.8458 0.4525
vn -0.9547 -0.2020 0.2185
# 6 vertex normals

g Marine_NoMesh_NoBonesLCalf3
usemtl wire_250126000
s 2
f 67//83 68//83 69//83 70//83 
s 4
f 71//84 72//84 73//84 74//84 
s 8
f 67//85 70//85 72//85 71//85 
s 16
f 70//86 69//86 73//86 72//86 
s 32
f 69//87 68//87 74//87 73//87 
s 64
f 68//88 67//88 71//88 74//88 
# 6 polygons

#
# object Marine_NoMesh_NoBonesLAnkle
#

v  0.4487 3.7912 -6.3129
v  0.7128 4.4009 -4.7875
v  1.9050 4.5958 -5.0718
v  1.6408 3.9861 -6.5973
v  0.9455 2.1331 -5.3662
v  2.1377 2.3280 -5.6506
v  2.3632 2.2075 -4.7877
v  1.1710 2.0126 -4.5033
v  2.1997 3.5418 -4.5586
v  1.0075 3.3469 -4.2743
# 10 vertices

vn -0.2279 0.9171 -0.3271
vn 0.1199 -0.9785 -0.1680
vn -0.1172 -0.5187 -0.8469
vn 0.9606 0.1571 -0.2291
vn 0.2506 -0.1339 0.9588
vn -0.9606 -0.1571 0.2291
vn 0.1331 0.4637 0.8759
# 7 vertex normals

g Marine_NoMesh_NoBonesLAnkle
usemtl wire_250126000
s 2
f 75//89 76//89 77//89 78//89 
s 4
f 79//90 80//90 81//90 82//90 
s 8
f 75//91 78//91 80//91 79//91 
s 16
f 78//92 77//92 83//92 81//92 
f 78//92 81//92 80//92 
s 32
f 83//93 84//93 82//93 81//93 
s 64
f 76//94 75//94 79//94 82//94 
f 76//94 82//94 84//94 
s off
f 83//95 77//95 76//95 84//95 
# 7 polygons - 2 triangles

#
# object Marine_NoMesh_NoBonesLToe
#

v  2.3960 2.1005 -5.0984
v  1.9981 2.2800 -5.7290
v  0.9127 2.2401 -5.0555
v  1.3106 2.0606 -4.4249
v  1.9940 0.3344 -5.4873
v  1.2342 0.3065 -5.0158
v  0.9557 0.4321 -5.4572
v  1.7154 0.4601 -5.9287
# 8 vertices

vn 0.0976 0.9717 0.2149
vn -0.0976 -0.9717 -0.2149
vn -0.5239 0.1729 -0.8340
vn 0.8346 -0.0696 -0.5465
vn 0.5117 -0.2942 0.8072
vn -0.8548 -0.1318 0.5019
# 6 vertex normals

g Marine_NoMesh_NoBonesLToe
usemtl wire_250126000
s 2
f 85//96 86//96 87//96 88//96 
s 4
f 89//97 90//97 91//97 92//97 
s 8
f 92//98 91//98 87//98 86//98 
s 16
f 89//99 92//99 86//99 85//99 
s 32
f 90//100 89//100 85//100 88//100 
s 64
f 91//101 90//101 88//101 87//101 
# 6 polygons

#
# object Marine_NoMesh_NoBonesRThigh1
#

v  -1.6501 10.5131 1.1563
v  -1.9039 11.6121 2.2195
v  -0.7538 11.6879 2.4157
v  -0.5000 10.5889 1.3526
v  -1.8516 8.6154 3.0698
v  -0.7015 8.6912 3.2661
v  -0.9553 9.7902 4.3292
v  -2.1054 9.7144 4.1330
# 8 vertices

vn 0.0746 0.7022 -0.7081
vn -0.0746 -0.7022 0.7081
vn 0.1637 -0.7090 -0.6859
vn 0.9837 0.0648 0.1679
vn -0.1637 0.7090 0.6859
vn -0.9837 -0.0648 -0.1679
# 6 vertex normals

g Marine_NoMesh_NoBonesRThigh1
usemtl wire_255000000
s 2
f 93//102 94//102 95//102 96//102 
s 4
f 97//103 98//103 99//103 100//103 
s 8
f 93//104 96//104 98//104 97//104 
s 16
f 96//105 95//105 99//105 98//105 
s 32
f 95//106 94//106 100//106 99//106 
s 64
f 94//107 93//107 97//107 100//107 
# 6 polygons

#
# object Marine_NoMesh_NoBonesRThigh2
#

v  -1.7800 8.5876 3.0498
v  -2.1575 9.6748 4.0881
v  -1.0269 9.8180 4.3492
v  -0.6494 8.7309 3.3109
v  -1.9816 6.6899 4.9633
v  -0.8510 6.8332 5.2244
v  -1.2285 7.9203 6.2627
v  -2.3591 7.7771 6.0016
# 8 vertices

vn 0.0746 0.7022 -0.7081
vn -0.0746 -0.7022 0.7081
vn 0.2436 -0.7014 -0.6699
vn 0.9670 0.1225 0.2233
vn -0.2436 0.7014 0.6699
vn -0.9670 -0.1225 -0.2233
# 6 vertex normals

g Marine_NoMesh_NoBonesRThigh2
usemtl wire_255000000
s 2
f 101//108 102//108 103//108 104//108 
s 4
f 105//109 106//109 107//109 108//109 
s 8
f 101//110 104//110 106//110 105//110 
s 16
f 104//111 103//111 107//111 106//111 
s 32
f 103//112 102//112 108//112 107//112 
s 64
f 102//113 101//113 105//113 108//113 
# 6 polygons

#
# object Marine_NoMesh_NoBonesRCalfCalf
#

v  -2.0269 7.2136 4.8113
v  -2.3945 7.1864 6.0508
v  -1.1832 7.3966 6.4147
v  -0.8156 7.4238 5.1752
v  -1.7809 5.7268 4.8516
v  -0.5696 5.9370 5.2155
v  -0.9372 5.9098 6.4550
v  -2.1485 5.6996 6.0911
# 8 vertices

vn -0.1631 0.9862 -0.0267
vn 0.1631 -0.9862 0.0267
vn 0.2843 0.0210 -0.9585
vn 0.9448 0.1640 0.2838
vn -0.2843 -0.0210 0.9585
vn -0.9448 -0.1640 -0.2838
# 6 vertex normals

g Marine_NoMesh_NoBonesRCalfCalf
usemtl wire_255000000
s 2
f 109//114 110//114 111//114 112//114 
s 4
f 113//115 114//115 115//115 116//115 
s 8
f 109//116 112//116 114//116 113//116 
s 16
f 112//117 111//117 115//117 114//117 
s 32
f 111//118 110//118 116//118 115//118 
s 64
f 110//119 109//119 113//119 116//119 
# 6 polygons

#
# object Marine_NoMesh_NoBonesRCalf2
#

v  -1.7891 5.7255 4.8561
v  -2.1441 5.7005 6.0993
v  -0.9291 5.9110 6.4505
v  -0.5741 5.9361 5.2073
v  -1.5431 4.2387 4.8964
v  -0.3281 4.4493 5.2476
v  -0.6831 4.4242 6.4908
v  -1.8981 4.2137 6.1396
# 8 vertices

vn -0.1631 0.9862 -0.0267
vn 0.1631 -0.9862 0.0267
vn 0.2745 0.0193 -0.9614
vn 0.9476 0.1642 0.2739
vn -0.2745 -0.0193 0.9614
vn -0.9476 -0.1642 -0.2739
# 6 vertex normals

g Marine_NoMesh_NoBonesRCalf2
usemtl wire_255000000
s 2
f 117//120 118//120 119//120 120//120 
s 4
f 121//121 122//121 123//121 124//121 
s 8
f 117//122 120//122 122//122 121//122 
s 16
f 120//123 119//123 123//123 122//123 
s 32
f 119//124 118//124 124//124 123//124 
s 64
f 118//125 117//125 121//125 124//125 
# 6 polygons

#
# object Marine_NoMesh_NoBonesRCalf3
#

v  -1.5785 4.2334 4.9172
v  -1.8775 4.2181 6.1752
v  -0.6477 4.4295 6.4700
v  -0.3488 4.4449 5.2120
v  -1.3326 2.7466 4.9575
v  -0.1028 2.9581 5.2523
v  -0.4018 2.9427 6.5103
v  -1.6315 2.7313 6.2155
# 8 vertices

vn -0.1631 0.9862 -0.0267
vn 0.1631 -0.9862 0.0267
vn 0.2312 0.0119 -0.9728
vn 0.9591 0.1649 0.2299
vn -0.2312 -0.0119 0.9728
vn -0.9591 -0.1649 -0.2299
# 6 vertex normals

g Marine_NoMesh_NoBonesRCalf3
usemtl wire_255000000
s 2
f 125//126 126//126 127//126 128//126 
s 4
f 129//127 130//127 131//127 132//127 
s 8
f 125//128 128//128 130//128 129//128 
s 16
f 128//129 127//129 131//129 130//129 
s 32
f 127//130 126//130 132//130 131//130 
s 64
f 126//131 125//131 129//131 132//131 
# 6 polygons

#
# object Marine_NoMesh_NoBonesRAnkle
#

v  -0.1398 2.8028 5.3043
v  0.0142 1.2333 5.8348
v  -1.1901 1.0383 5.6073
v  -1.3441 2.6078 5.0768
v  -1.6550 1.9266 7.3065
v  -0.4507 2.1216 7.5340
v  -0.6222 2.9899 7.6974
v  -1.8265 2.7948 7.4699
v  -1.6242 3.0828 6.1524
v  -0.4199 3.2778 6.3799
# 10 vertices

vn 0.2230 -0.2924 -0.9299
vn -0.1483 -0.2112 0.9661
vn 0.0528 -0.8790 0.4740
vn -0.9704 -0.1572 -0.1833
vn -0.1905 0.9647 0.1816
vn 0.9704 0.1572 0.1833
vn -0.0678 0.9060 -0.4178
# 7 vertex normals

g Marine_NoMesh_NoBonesRAnkle
usemtl wire_255000000
s 2
f 133//132 134//132 135//132 136//132 
s 4
f 137//133 138//133 139//133 140//133 
s 8
f 135//134 134//134 138//134 137//134 
s 16
f 136//135 135//135 140//135 141//135 
f 140//135 135//135 137//135 
s 32
f 142//136 141//136 140//136 139//136 
s 64
f 134//137 133//137 139//137 138//137 
f 139//137 133//137 142//137 
s off
f 136//138 141//138 142//138 133//138 
# 7 polygons - 2 triangles

#
# object Marine_NoMesh_NoBonesRToe
#

v  -1.7053 1.9783 7.5642
v  -1.8007 2.6600 7.2259
v  -0.5719 2.9382 7.4397
v  -0.4765 2.2565 7.7780
v  -1.3110 3.4350 9.0930
v  -1.9132 3.2987 8.9882
v  -1.8664 2.9647 9.1540
v  -1.2643 3.1010 9.2588
# 8 vertices

vn 0.2448 -0.4033 -0.8817
vn -0.2448 0.4033 0.8817
vn 0.0979 -0.8412 0.5318
vn -0.9895 -0.1440 -0.0109
vn -0.1496 0.9265 -0.3453
vn 0.9041 0.2847 0.3186
# 6 vertex normals

g Marine_NoMesh_NoBonesRToe
usemtl wire_255000000
s 2
f 143//139 144//139 145//139 146//139 
s 4
f 147//140 148//140 149//140 150//140 
s 8
f 150//141 149//141 143//141 146//141 
s 16
f 149//142 148//142 144//142 143//142 
s 32
f 148//143 147//143 145//143 144//143 
s 64
f 147//144 150//144 146//144 145//144 
# 6 polygons

#
# object Marine_NoMesh_NoBonesSpine1
#

v  0.3009 11.8803 0.6025
v  0.3867 11.7552 1.3574
v  -0.3773 11.7852 1.4492
v  -0.4630 11.9104 0.6943
v  0.3867 13.3484 0.8361
v  -0.3773 13.3785 0.9279
v  -0.2915 13.2533 1.6828
v  0.4724 13.2233 1.5910
# 8 vertices

vn -0.0576 -0.9859 -0.1569
vn 0.0576 0.9859 0.1569
vn -0.1114 0.1625 -0.9804
vn -0.9921 0.0390 0.1192
vn 0.1114 -0.1625 0.9804
vn 0.9921 -0.0390 -0.1192
# 6 vertex normals

g Marine_NoMesh_NoBonesSpine1
usemtl wire_178010195
s 2
f 151//145 152//145 153//145 154//145 
s 4
f 155//146 156//146 157//146 158//146 
s 8
f 151//147 154//147 156//147 155//147 
s 16
f 154//148 153//148 157//148 156//148 
s 32
f 153//149 152//149 158//149 157//149 
s 64
f 152//150 151//150 155//150 158//150 
# 6 polygons

#
# object Marine_NoMesh_NoBonesSpine2
#

v  0.4613 13.2304 0.9126
v  0.4016 13.3798 1.6655
v  -0.3661 13.3714 1.6064
v  -0.3064 13.2219 0.8534
v  0.4678 14.7365 0.6141
v  -0.2999 14.7281 0.5549
v  -0.3596 14.8776 1.3079
v  0.4081 14.8860 1.3671
# 8 vertices

vn -0.0042 -0.9809 0.1944
vn 0.0042 0.9809 -0.1944
vn 0.0775 -0.1941 -0.9779
vn -0.9970 -0.0109 -0.0769
vn -0.0775 0.1941 0.9779
vn 0.9970 0.0109 0.0769
# 6 vertex normals

g Marine_NoMesh_NoBonesSpine2
usemtl wire_055048236
s 2
f 159//151 160//151 161//151 162//151 
s 4
f 163//152 164//152 165//152 166//152 
s 8
f 159//153 162//153 164//153 163//153 
s 16
f 162//154 161//154 165//154 164//154 
s 32
f 161//155 160//155 166//155 165//155 
s 64
f 160//156 159//156 163//156 166//156 
# 6 polygons

#
# object Marine_NoMesh_NoBonesSpine3
#

v  0.4965 14.7455 0.6496
v  0.3712 14.8728 1.3986
v  -0.3883 14.8686 1.2723
v  -0.2631 14.7413 0.5233
v  0.5298 16.2496 0.3996
v  -0.2298 16.2455 0.2733
v  -0.3550 16.3727 1.0223
v  0.4046 16.3769 1.1486
# 8 vertices

vn -0.0218 -0.9862 0.1640
vn 0.0218 0.9862 -0.1640
vn 0.1626 -0.1653 -0.9727
vn -0.9864 -0.0054 -0.1640
vn -0.1626 0.1653 0.9727
vn 0.9864 0.0054 0.1640
# 6 vertex normals

g Marine_NoMesh_NoBonesSpine3
usemtl wire_005063253
s 2
f 167//157 168//157 169//157 170//157 
s 4
f 171//158 172//158 173//158 174//158 
s 8
f 167//159 170//159 172//159 171//159 
s 16
f 170//160 169//160 173//160 172//160 
s 32
f 169//161 168//161 174//161 173//161 
s 64
f 168//162 167//162 171//162 174//162 
# 6 polygons

#
# object Marine_NoMesh_NoBonesRibcage
#

v  0.0606 13.4243 0.7845
v  1.6449 13.7554 1.3146
v  1.2930 14.3699 3.3280
v  -0.4130 14.1955 3.4920
v  1.2767 17.0928 2.1258
v  1.5271 16.9422 0.7010
v  0.2035 17.2118 0.0769
v  -0.1323 17.4186 1.9876
v  1.9322 14.8962 0.9173
v  0.1656 14.7774 0.2252
v  -1.7299 14.9138 0.2719
v  -2.1365 15.6924 2.5996
v  -1.5067 17.1061 1.6352
v  -1.2563 16.9555 0.2104
v  -0.3816 15.7503 3.3566
v  1.5256 15.6748 3.2451
v  -1.6064 13.7710 0.7415
v  -1.9583 14.3856 2.7549
# 18 vertices

vn -0.0531 -0.9599 0.2752
vn 0.0957 -0.9473 0.3058
vn 0.1153 -0.9480 0.2966
vn -0.0514 -0.9628 0.2653
vn 0.2295 0.9712 -0.0638
vn 0.2275 0.9718 -0.0627
vn 0.0234 0.9944 -0.1029
vn 0.0235 0.9944 -0.1029
vn 0.3955 -0.0471 -0.9173
vn 0.3662 -0.0259 -0.9302
vn 0.1733 -0.0399 -0.9841
vn 0.1730 -0.0626 -0.9829
vn -0.9464 0.2344 -0.2220
vn -0.9366 0.2489 -0.2468
vn -0.9465 0.2344 -0.2219
vn -0.9574 0.2164 -0.1911
vn -0.3249 0.6281 0.7071
vn -0.3258 0.6275 0.7072
vn -0.1304 0.6400 0.7572
vn -0.1303 0.6405 0.7568
vn 0.9663 0.2302 0.1152
vn 0.9737 0.2036 0.1020
vn 0.9662 0.2304 0.1153
vn 0.9512 0.2759 0.1380
vn 0.9621 -0.1614 0.2199
vn 0.0739 0.0691 0.9949
vn -0.9807 -0.1521 -0.1226
vn -0.0526 -0.3810 -0.9231
vn -0.2186 -0.9464 0.2378
vn -0.2033 -0.9458 0.2531
vn -0.1847 0.9732 -0.1368
vn -0.1865 0.9731 -0.1356
vn -0.0585 -0.0449 -0.9973
vn -0.0263 -0.0240 -0.9994
vn 0.0694 0.6262 0.7766
vn 0.0702 0.6256 0.7770
vn -0.4090 0.0714 0.9097
vn 0.3615 -0.3829 -0.8501
# 38 vertex normals

g Marine_NoMesh_NoBonesRibcage
usemtl wire_000065255
s 2
f 175//163 176//164 177//165 178//166 
s 4
f 179//167 180//168 181//169 182//170 
s 8
f 180//171 183//172 184//173 181//174 
s 16
f 185//175 186//176 187//177 188//178 
s 32
f 187//179 186//180 189//181 182//182 
s 64
f 190//183 183//184 180//185 179//186 
s off
f 177//187 176//187 183//187 190//187 
f 177//188 190//188 189//188 178//188 
f 191//189 192//189 186//189 185//189 
f 191//190 185//190 184//190 175//190 
s 2
f 175//163 178//166 192//191 191//192 
s 4
f 182//170 181//169 188//193 187//194 
s 8
f 188//195 181//174 184//173 185//196 
s 32
f 179//197 182//182 189//181 190//198 
s off
f 192//199 178//199 189//199 186//199 
f 176//200 175//200 184//200 183//200 
# 16 polygons

#
# object Marine_NoMesh_NoBonesLCollarbone
#

v  0.2413 16.8722 1.4115
v  0.3047 16.9490 1.9015
v  0.2606 17.2490 1.8601
v  0.1971 17.1721 1.3702
v  2.3186 17.1355 1.1011
v  2.2744 17.4354 1.0597
v  2.3378 17.5123 1.5497
v  2.3820 17.2123 1.5910
# 8 vertices

vn -0.9813 -0.1244 0.1467
vn 0.9813 0.1244 -0.1467
vn -0.1270 -0.1537 -0.9799
vn -0.1444 0.9803 -0.1351
vn 0.1270 0.1537 0.9799
vn 0.1444 -0.9803 0.1351
# 6 vertex normals

g Marine_NoMesh_NoBonesLCollarbone
usemtl wire_000187154
s 2
f 193//201 194//201 195//201 196//201 
s 4
f 197//202 198//202 199//202 200//202 
s 8
f 193//203 196//203 198//203 197//203 
s 16
f 196//204 195//204 199//204 198//204 
s 32
f 195//205 194//205 200//205 199//205 
s 64
f 194//206 193//206 197//206 200//206 
# 6 polygons

#
# object Marine_NoMesh_NoBonesLUpperarmUpperarm
#

v  2.5702 17.2715 0.8673
v  2.1433 16.8380 1.3555
v  2.0862 17.3763 1.7834
v  2.5131 17.8097 1.2953
v  3.4985 16.9507 1.3946
v  3.4414 17.4890 1.8225
v  3.0144 17.0556 2.3106
v  3.0715 16.5173 1.8827
# 8 vertices

vn -0.8328 0.2877 -0.4730
vn 0.8328 -0.2877 0.4730
vn 0.5474 0.5557 -0.6258
vn -0.0828 0.7800 0.6202
vn -0.5474 -0.5557 0.6258
vn 0.0828 -0.7800 -0.6202
# 6 vertex normals

g Marine_NoMesh_NoBonesLUpperarmUpperarm
usemtl wire_000187154
s 2
f 201//207 202//207 203//207 204//207 
s 4
f 205//208 206//208 207//208 208//208 
s 8
f 201//209 204//209 206//209 205//209 
s 16
f 204//210 203//210 207//210 206//210 
s 32
f 203//211 202//211 208//211 207//211 
s 64
f 202//212 201//212 205//212 208//212 
# 6 polygons

#
# object Marine_NoMesh_NoBonesLUpperarm2
#

v  3.4591 16.8451 1.3997
v  3.0282 16.5530 1.9807
v  3.0539 17.1612 2.3055
v  3.4847 17.4533 1.7245
v  4.3873 16.5243 1.9269
v  4.4130 17.1326 2.2517
v  3.9821 16.8405 2.8327
v  3.9565 16.2323 2.5079
# 8 vertices

vn -0.8328 0.2877 -0.4730
vn 0.8328 -0.2877 0.4730
vn 0.5524 0.3744 -0.7448
vn 0.0372 0.8815 0.4707
vn -0.5524 -0.3744 0.7448
vn -0.0372 -0.8815 -0.4707
# 6 vertex normals

g Marine_NoMesh_NoBonesLUpperarm2
usemtl wire_000187154
s 2
f 209//213 210//213 211//213 212//213 
s 4
f 213//214 214//214 215//214 216//214 
s 8
f 209//215 212//215 214//215 213//215 
s 16
f 212//216 211//216 215//216 214//216 
s 32
f 211//217 210//217 216//217 215//217 
s 64
f 210//218 209//218 213//218 216//218 
# 6 polygons

#
# object Marine_NoMesh_NoBonesLUpperarm3
#

v  4.2906 16.3514 1.9921
v  3.9057 16.3526 2.6705
v  4.0789 17.0134 2.7676
v  4.4638 17.0123 2.0892
v  5.2189 16.0307 2.5193
v  5.3920 16.6915 2.6164
v  5.0071 16.6927 3.2948
v  4.8340 16.0319 3.1977
# 8 vertices

vn -0.8328 0.2877 -0.4730
vn 0.8328 -0.2877 0.4730
vn 0.4935 -0.0015 -0.8698
vn 0.2510 0.9577 0.1407
vn -0.4935 0.0015 0.8698
vn -0.2510 -0.9577 -0.1407
# 6 vertex normals

g Marine_NoMesh_NoBonesLUpperarm3
usemtl wire_000187154
s 2
f 217//219 218//219 219//219 220//219 
s 4
f 221//220 222//220 223//220 224//220 
s 8
f 217//221 220//221 222//221 221//221 
s 16
f 220//222 219//222 223//222 222//222 
s 32
f 219//223 218//223 224//223 223//223 
s 64
f 218//224 217//224 221//224 224//224 
# 6 polygons

#
# object Marine_NoMesh_NoBonesLForearmForearm
#

v  5.2222 16.0497 3.1853
v  4.8097 16.1496 2.6841
v  5.0037 16.6737 2.6287
v  5.4163 16.5739 3.1300
v  4.5964 16.3420 3.7587
v  4.7905 16.8661 3.7033
v  4.3779 16.9660 3.2021
v  4.1838 16.4418 3.2574
# 8 vertices

vn 0.6972 -0.3256 -0.6387
vn -0.6972 0.3256 0.6387
vn 0.6281 -0.1520 0.7631
vn 0.3456 0.9332 -0.0985
vn -0.6281 0.1520 -0.7631
vn -0.3456 -0.9332 0.0985
# 6 vertex normals

g Marine_NoMesh_NoBonesLForearmForearm
usemtl wire_000187154
s 2
f 225//225 226//225 227//225 228//225 
s 4
f 229//226 230//226 231//226 232//226 
s 8
f 225//227 228//227 230//227 229//227 
s 16
f 228//228 227//228 231//228 230//228 
s 32
f 227//229 226//229 232//229 231//229 
s 64
f 226//230 225//230 229//230 232//230 
# 6 polygons

#
# object Marine_NoMesh_NoBonesLForearmForearm
#

v  4.6114 16.3562 3.7678
v  4.1875 16.4239 3.2706
v  4.3629 16.9518 3.1929
v  4.7868 16.8841 3.6902
v  3.9855 16.6485 4.3411
v  4.1609 17.1764 4.2635
v  3.7371 17.2441 3.7663
v  3.5617 16.7162 3.8439
# 8 vertices

vn 0.6972 -0.3256 -0.6387
vn -0.6972 0.3256 0.6387
vn 0.6453 -0.1031 0.7569
vn 0.3123 0.9399 -0.1382
vn -0.6453 0.1031 -0.7569
vn -0.3123 -0.9399 0.1382
# 6 vertex normals

g Marine_NoMesh_NoBonesLForearmForearm
usemtl wire_000187154
s 2
f 233//231 234//231 235//231 236//231 
s 4
f 237//232 238//232 239//232 240//232 
s 8
f 233//233 236//233 238//233 237//233 
s 16
f 236//234 235//234 239//234 238//234 
s 32
f 235//235 234//235 240//235 239//235 
s 64
f 234//236 233//236 237//236 240//236 
# 6 polygons

#
# object Marine_NoMesh_NoBonesLForearmForearm
#

v  4.0222 16.6883 4.3608
v  3.5748 16.6733 3.8801
v  3.7004 17.2042 3.7466
v  4.1478 17.2192 4.2273
v  3.3963 16.9806 4.9342
v  3.5219 17.5115 4.8006
v  3.0745 17.4965 4.3199
v  2.9489 16.9656 4.4535
# 8 vertices

vn 0.6972 -0.3256 -0.6387
vn -0.6972 0.3256 0.6387
vn 0.6811 0.0229 0.7318
vn 0.2236 0.9452 -0.2377
vn -0.6811 -0.0229 -0.7318
vn -0.2236 -0.9452 0.2377
# 6 vertex normals

g Marine_NoMesh_NoBonesLForearmForearm
usemtl wire_000187154
s 2
f 241//237 242//237 243//237 244//237 
s 4
f 245//238 246//238 247//238 248//238 
s 8
f 241//239 244//239 246//239 245//239 
s 16
f 244//240 243//240 247//240 246//240 
s 32
f 243//241 242//241 248//241 247//241 
s 64
f 242//242 241//242 245//242 248//242 
# 6 polygons

#
# object Marine_NoMesh_NoBonesLPalm
#

v  2.8615 16.9416 4.4021
v  3.0568 17.4046 4.1589
v  3.6094 17.5354 4.8520
v  3.4140 17.0725 5.0952
v  1.8277 17.7322 5.0769
v  2.3803 17.8631 5.7700
v  2.5756 18.3261 5.5269
v  2.0231 18.1952 4.8338
# 8 vertices

vn 0.7052 -0.5393 -0.4603
vn -0.7052 0.5393 0.4603
vn -0.3499 -0.8294 0.4356
vn 0.6167 0.1460 0.7735
vn 0.3499 0.8294 -0.4356
vn -0.6167 -0.1460 -0.7735
# 6 vertex normals

g Marine_NoMesh_NoBonesLPalm
usemtl wire_000187154
s 2
f 249//243 250//243 251//243 252//243 
s 4
f 253//244 254//244 255//244 256//244 
s 8
f 249//245 252//245 254//245 253//245 
s 16
f 252//246 251//246 255//246 254//246 
s 32
f 251//247 250//247 256//247 255//247 
s 64
f 250//248 249//248 253//248 256//248 
# 6 polygons

#
# object Marine_NoMesh_NoBonesLDigit01
#

v  2.7689 17.1967 4.6925
v  2.6018 17.1781 4.4360
v  2.6493 17.4856 4.3828
v  2.8164 17.5042 4.6392
v  2.2702 17.3284 5.0079
v  2.3178 17.6359 4.9546
v  2.1506 17.6174 4.6982
v  2.1031 17.3098 4.7514
# 8 vertices

vn 0.8248 -0.2179 -0.5217
vn -0.8248 0.2179 0.5217
vn 0.5449 0.0606 0.8363
vn 0.1506 0.9741 -0.1687
vn -0.5449 -0.0606 -0.8363
vn -0.1506 -0.9741 0.1687
# 6 vertex normals

g Marine_NoMesh_NoBonesLDigit01
usemtl wire_000187154
s 2
f 257//249 258//249 259//249 260//249 
s 4
f 261//250 262//250 263//250 264//250 
s 8
f 257//251 260//251 262//251 261//251 
s 16
f 260//252 259//252 263//252 262//252 
s 32
f 259//253 258//253 264//253 263//253 
s 64
f 258//254 257//254 261//254 264//254 
# 6 polygons

#
# object Marine_NoMesh_NoBonesLDigit02
#

v  2.3026 17.2986 4.9507
v  2.0196 17.3633 4.8518
v  2.1183 17.6472 4.7553
v  2.4013 17.5825 4.8542
v  2.1777 17.5106 5.4468
v  2.2764 17.7945 5.3503
v  1.9934 17.8593 5.2514
v  1.8948 17.5753 5.3480
# 8 vertices

vn 0.2254 -0.3829 -0.8959
vn -0.2254 0.3829 0.8959
vn 0.9228 -0.2111 0.3224
vn 0.3126 0.8993 -0.3057
vn -0.9228 0.2111 -0.3224
vn -0.3126 -0.8993 0.3057
# 6 vertex normals

g Marine_NoMesh_NoBonesLDigit02
usemtl wire_000187154
s 2
f 265//255 266//255 267//255 268//255 
s 4
f 269//256 270//256 271//256 272//256 
s 8
f 265//257 268//257 270//257 269//257 
s 16
f 268//258 267//258 271//258 270//258 
s 32
f 267//259 266//259 272//259 271//259 
s 64
f 266//260 265//260 269//260 272//260 
# 6 polygons

#
# object Marine_NoMesh_NoBonesLDigit03
#

v  2.1970 17.4964 5.3707
v  1.9093 17.5828 5.4323
v  1.9742 17.8735 5.3276
v  2.2619 17.7870 5.2659
v  2.3266 17.6219 5.7992
v  2.3915 17.9125 5.6944
v  2.1038 17.9990 5.7561
v  2.0389 17.7083 5.8609
# 8 vertices

vn -0.2787 -0.2699 -0.9217
vn 0.2787 0.2699 0.9217
vn 0.9381 -0.2819 -0.2011
vn 0.2056 0.9207 -0.3318
vn -0.9381 0.2819 0.2011
vn -0.2056 -0.9207 0.3318
# 6 vertex normals

g Marine_NoMesh_NoBonesLDigit03
usemtl wire_000187154
s 2
f 273//261 274//261 275//261 276//261 
s 4
f 277//262 278//262 279//262 280//262 
s 8
f 273//263 276//263 278//263 277//263 
s 16
f 276//264 275//264 279//264 278//264 
s 32
f 275//265 274//265 280//265 279//265 
s 64
f 274//266 273//266 277//266 280//266 
# 6 polygons

#
# object Marine_NoMesh_NoBonesLDigit11
#

v  1.8796 17.9666 4.9908
v  1.8534 18.0956 4.9825
v  1.9754 18.1302 5.1372
v  2.0016 18.0012 5.1454
v  1.5233 17.9130 5.2838
v  1.6453 17.9476 5.4385
v  1.6192 18.0766 5.4302
v  1.4972 18.0419 5.2756
# 8 vertices

vn 0.7672 0.1154 -0.6310
vn -0.7672 -0.1154 0.6310
vn 0.1986 -0.9781 0.0625
vn 0.6100 0.1732 0.7733
vn -0.1986 0.9781 -0.0625
vn -0.6100 -0.1732 -0.7733
# 6 vertex normals

g Marine_NoMesh_NoBonesLDigit11
usemtl wire_000187154
s 2
f 281//267 282//267 283//267 284//267 
s 4
f 285//268 286//268 287//268 288//268 
s 8
f 281//269 284//269 286//269 285//269 
s 16
f 284//270 283//270 287//270 286//270 
s 32
f 283//271 282//271 288//271 287//271 
s 64
f 282//272 281//272 285//272 288//272 
# 6 polygons

#
# object Marine_NoMesh_NoBonesLDigit12
#

v  1.5435 17.9269 5.2623
v  1.4726 18.0315 5.2999
v  1.5990 18.0627 5.4517
v  1.6699 17.9580 5.4141
v  1.2986 17.6686 5.5192
v  1.4250 17.6997 5.6710
v  1.3541 17.8043 5.7086
v  1.2277 17.7732 5.5568
# 8 vertices

vn 0.5579 0.5885 -0.5852
vn -0.5579 -0.5885 0.5852
vn 0.5378 -0.7934 -0.2851
vn 0.6321 0.1557 0.7591
vn -0.5378 0.7934 0.2851
vn -0.6321 -0.1557 -0.7591
# 6 vertex normals

g Marine_NoMesh_NoBonesLDigit12
usemtl wire_000187154
s 2
f 289//273 290//273 291//273 292//273 
s 4
f 293//274 294//274 295//274 296//274 
s 8
f 289//275 292//275 294//275 293//275 
s 16
f 292//276 291//276 295//276 294//276 
s 32
f 291//277 290//277 296//277 295//277 
s 64
f 290//278 289//278 293//278 296//278 
# 6 polygons

#
# object Marine_NoMesh_NoBonesLDigit13
#

v  1.3113 17.6902 5.5044
v  1.2158 17.7525 5.5707
v  1.3414 17.7826 5.7234
v  1.4369 17.7204 5.6571
v  1.1932 17.3293 5.6729
v  1.3188 17.3595 5.8256
v  1.2233 17.4217 5.8919
v  1.0977 17.3915 5.7392
# 8 vertices

vn 0.2843 0.8687 -0.4056
vn -0.2843 -0.8687 0.4056
vn 0.7243 -0.4718 -0.5027
vn 0.6281 0.1508 0.7634
vn -0.7243 0.4718 0.5027
vn -0.6281 -0.1508 -0.7634
# 6 vertex normals

g Marine_NoMesh_NoBonesLDigit13
usemtl wire_000187154
s 2
f 297//279 298//279 299//279 300//279 
s 4
f 301//280 302//280 303//280 304//280 
s 8
f 297//281 300//281 302//281 301//281 
s 16
f 300//282 299//282 303//282 302//282 
s 32
f 299//283 298//283 304//283 303//283 
s 64
f 298//284 297//284 301//284 304//284 
# 6 polygons

#
# object Marine_NoMesh_NoBonesLDigit21
#

v  2.0583 18.1361 5.2206
v  2.0295 18.2646 5.2156
v  2.1537 18.2984 5.3687
v  2.1825 18.1698 5.3737
v  1.6988 18.0675 5.5272
v  1.8230 18.1012 5.6803
v  1.7942 18.2298 5.6754
v  1.6701 18.1961 5.5223
# 8 vertices

vn 0.7529 0.1436 -0.6423
vn -0.7529 -0.1436 0.6423
vn 0.2182 -0.9752 0.0377
vn 0.6209 0.1686 0.7655
vn -0.2182 0.9752 -0.0377
vn -0.6209 -0.1686 -0.7655
# 6 vertex normals

g Marine_NoMesh_NoBonesLDigit21
usemtl wire_000187154
s 2
f 305//285 306//285 307//285 308//285 
s 4
f 309//286 310//286 311//286 312//286 
s 8
f 305//287 308//287 310//287 309//287 
s 16
f 308//288 307//288 311//288 310//288 
s 32
f 307//289 306//289 312//289 311//289 
s 64
f 306//290 305//290 309//290 312//290 
# 6 polygons

#
# object Marine_NoMesh_NoBonesLDigit22
#

v  1.7239 18.0818 5.5045
v  1.6494 18.1844 5.5410
v  1.7692 18.2154 5.6981
v  1.8436 18.1129 5.6616
v  1.4630 17.8020 5.7586
v  1.5827 17.8331 5.9158
v  1.5083 17.9356 5.9522
v  1.3885 17.9046 5.7951
# 8 vertices

vn 0.5681 0.6092 -0.5533
vn -0.5681 -0.6092 0.5533
vn 0.5645 -0.7777 -0.2767
vn 0.5989 0.1551 0.7857
vn -0.5645 0.7777 0.2767
vn -0.5989 -0.1551 -0.7857
# 6 vertex normals

g Marine_NoMesh_NoBonesLDigit22
usemtl wire_000187154
s 2
f 313//291 314//291 315//291 316//291 
s 4
f 317//292 318//292 319//292 320//292 
s 8
f 313//293 316//293 318//293 317//293 
s 16
f 316//294 315//294 319//294 318//294 
s 32
f 315//295 314//295 320//295 319//295 
s 64
f 314//296 313//296 317//296 320//296 
# 6 polygons

#
# object Marine_NoMesh_NoBonesLDigit23
#

v  1.4741 17.8299 5.7427
v  1.3727 17.8721 5.8157
v  1.4972 17.9078 5.9681
v  1.5986 17.8655 5.8952
v  1.4063 17.3968 5.8994
v  1.5308 17.4325 6.0518
v  1.4294 17.4747 6.1247
v  1.3049 17.4391 5.9723
# 8 vertices

vn 0.1456 0.9304 -0.3365
vn -0.1456 -0.9304 0.3365
vn 0.7691 -0.3204 -0.5530
vn 0.6223 0.1783 0.7622
vn -0.7691 0.3204 0.5530
vn -0.6223 -0.1783 -0.7622
# 6 vertex normals

g Marine_NoMesh_NoBonesLDigit23
usemtl wire_000187154
s 2
f 321//297 322//297 323//297 324//297 
s 4
f 325//298 326//298 327//298 328//298 
s 8
f 321//299 324//299 326//299 325//299 
s 16
f 324//300 323//300 327//300 326//300 
s 32
f 323//301 322//301 328//301 327//301 
s 64
f 322//302 321//302 325//302 328//302 
# 6 polygons

#
# object Marine_NoMesh_NoBonesLDigit31
#

v  2.2637 18.1637 5.4307
v  2.2202 18.2878 5.4408
v  2.3461 18.3195 5.5929
v  2.3897 18.1955 5.5828
v  1.9593 18.0342 5.7100
v  2.0853 18.0660 5.8620
v  2.0418 18.1901 5.8721
v  1.9158 18.1583 5.7201
# 8 vertices

vn 0.7031 0.2991 -0.6451
vn -0.7031 -0.2991 0.6451
vn 0.3299 -0.9409 -0.0767
vn 0.6299 0.1589 0.7603
vn -0.3299 0.9409 0.0767
vn -0.6299 -0.1589 -0.7603
# 6 vertex normals

g Marine_NoMesh_NoBonesLDigit31
usemtl wire_000187154
s 2
f 329//303 330//303 331//303 332//303 
s 4
f 333//304 334//304 335//304 336//304 
s 8
f 329//305 332//305 334//305 333//305 
s 16
f 332//306 331//306 335//306 334//306 
s 32
f 331//307 330//307 336//307 335//307 
s 64
f 330//308 329//308 333//308 336//308 
# 6 polygons

#
# object Marine_NoMesh_NoBonesLDigit32
#

v  1.9756 18.0455 5.6947
v  1.9031 18.1491 5.7320
v  2.0254 18.1788 5.8874
v  2.0979 18.0752 5.8501
v  1.7521 17.8096 5.9156
v  1.8744 17.8393 6.0710
v  1.8019 17.9429 6.1083
v  1.6796 17.9132 5.9529
# 8 vertices

vn 0.5689 0.6002 -0.5622
vn -0.5689 -0.6002 0.5622
vn 0.5500 -0.7859 -0.2825
vn 0.6114 0.1485 0.7772
vn -0.5500 0.7859 0.2825
vn -0.6114 -0.1485 -0.7772
# 6 vertex normals

g Marine_NoMesh_NoBonesLDigit32
usemtl wire_000187154
s 2
f 337//309 338//309 339//309 340//309 
s 4
f 341//310 342//310 343//310 344//310 
s 8
f 337//311 340//311 342//311 341//311 
s 16
f 340//312 339//312 343//312 342//312 
s 32
f 339//313 338//313 344//313 343//313 
s 64
f 338//314 337//314 341//314 344//314 
# 6 polygons

#
# object Marine_NoMesh_NoBonesLDigit33
#

v  1.7648 17.8376 5.8992
v  1.6641 17.8815 5.9722
v  1.7892 17.9150 6.1246
v  1.8899 17.8710 6.0517
v  1.6936 17.4289 6.0473
v  1.8187 17.4623 6.1997
v  1.7180 17.5063 6.2727
v  1.5929 17.4729 6.1202
# 8 vertices

vn 0.1616 0.9279 -0.3361
vn -0.1616 -0.9279 0.3361
vn 0.7634 -0.3334 -0.5533
vn 0.6254 0.1671 0.7622
vn -0.7634 0.3334 0.5533
vn -0.6254 -0.1671 -0.7622
# 6 vertex normals

g Marine_NoMesh_NoBonesLDigit33
usemtl wire_000187154
s 2
f 345//315 346//315 347//315 348//315 
s 4
f 349//316 350//316 351//316 352//316 
s 8
f 345//317 348//317 350//317 349//317 
s 16
f 348//318 347//318 351//318 350//318 
s 32
f 347//319 346//319 352//319 351//319 
s 64
f 346//320 345//320 349//320 352//320 
# 6 polygons

#
# object Marine_NoMesh_NoBonesLDigit41
#

v  2.4555 18.0502 5.6374
v  2.4346 18.2505 5.6578
v  2.5480 18.2455 5.8225
v  2.5688 18.0452 5.8021
v  2.1679 18.0002 5.8338
v  2.2812 17.9952 5.9985
v  2.2604 18.1955 6.0189
v  2.1470 18.2005 5.8542
# 8 vertices

vn 0.8174 0.1419 -0.5582
vn -0.8174 -0.1419 0.5582
vn 0.1029 -0.9896 -0.1009
vn 0.5667 -0.0250 0.8235
vn -0.1029 0.9896 0.1009
vn -0.5667 0.0250 -0.8235
# 6 vertex normals

g Marine_NoMesh_NoBonesLDigit41
usemtl wire_000187154
s 2
f 353//321 354//321 355//321 356//321 
s 4
f 357//322 358//322 359//322 360//322 
s 8
f 353//323 356//323 358//323 357//323 
s 16
f 356//324 355//324 359//324 358//324 
s 32
f 355//325 354//325 360//325 359//325 
s 64
f 354//326 353//326 357//326 360//326 
# 6 polygons

#
# object Marine_NoMesh_NoBonesLDigit42
#

v  2.2130 18.0256 5.8038
v  2.1011 18.1736 5.8847
v  2.2152 18.1702 6.0489
v  2.3271 18.0222 5.9680
v  2.0316 17.8217 5.9257
v  2.1457 17.8183 6.0899
v  2.0338 17.9663 6.1708
v  1.9196 17.9697 6.0066
# 8 vertices

vn 0.6070 0.6821 -0.4078
vn -0.6070 -0.6821 0.4078
vn 0.5530 -0.7311 -0.3996
vn 0.5707 -0.0171 0.8210
vn -0.5530 0.7311 0.3996
vn -0.5707 0.0171 -0.8210
# 6 vertex normals

g Marine_NoMesh_NoBonesLDigit42
usemtl wire_000187154
s 2
f 361//327 362//327 363//327 364//327 
s 4
f 365//328 366//328 367//328 368//328 
s 8
f 361//329 364//329 366//329 365//329 
s 16
f 364//330 363//330 367//330 366//330 
s 32
f 363//331 362//331 368//331 367//331 
s 64
f 362//332 361//332 365//332 368//332 
# 6 polygons

#
# object Marine_NoMesh_NoBonesLDigit43
#

v  2.0589 17.8655 5.9114
v  1.8998 17.9335 6.0164
v  2.0064 17.9225 6.1852
v  2.1656 17.8545 6.0802
v  1.9434 17.5173 5.9616
v  2.0500 17.5063 6.1305
v  1.8909 17.5743 6.2355
v  1.7842 17.5853 6.0666
# 8 vertices

vn 0.3120 0.9403 -0.1357
vn -0.3120 -0.9403 0.1357
vn 0.7863 -0.3358 -0.5187
vn 0.5333 -0.0551 0.8441
vn -0.7863 0.3358 0.5187
vn -0.5333 0.0551 -0.8441
# 6 vertex normals

g Marine_NoMesh_NoBonesLDigit43
usemtl wire_000187154
s 2
f 369//333 370//333 371//333 372//333 
s 4
f 373//334 374//334 375//334 376//334 
s 8
f 369//335 372//335 374//335 373//335 
s 16
f 372//336 371//336 375//336 374//336 
s 32
f 371//337 370//337 376//337 375//337 
s 64
f 370//338 369//338 373//338 376//338 
# 6 polygons

#
# object Marine_NoMesh_NoBonesCollarboneBone01
#

v  1.6722 17.0217 -0.0821
v  1.4213 17.1510 0.4303
v  2.5453 17.2303 0.9606
v  2.7962 17.1011 0.4481
v  1.4400 15.0985 0.5326
v  2.1079 15.1456 0.8478
v  1.9485 15.2278 1.1734
v  1.2806 15.1806 0.8583
# 8 vertices

vn 0.0382 0.9732 -0.2267
vn -0.0382 -0.9732 0.2267
vn 0.4225 -0.3218 -0.8473
vn 0.8575 -0.2054 0.4716
vn -0.4289 0.2209 0.8759
vn -0.9007 -0.0298 -0.4334
# 6 vertex normals

g Marine_NoMesh_NoBonesCollarboneBone01
usemtl wire_000187154
s 2
f 377//339 378//339 379//339 380//339 
s 4
f 381//340 382//340 383//340 384//340 
s 8
f 377//341 380//341 382//341 381//341 
s 16
f 380//342 379//342 383//342 382//342 
s 32
f 379//343 378//343 384//343 383//343 
s 64
f 378//344 377//344 381//344 384//344 
# 6 polygons

#
# object Marine_NoMesh_NoBonesRCollarbone
#

v  -0.2317 17.1740 1.2951
v  -0.4609 17.2527 1.7325
v  -0.5193 16.9532 1.7557
v  -0.2902 16.8745 1.3183
v  -2.0692 17.4540 0.2821
v  -2.1276 17.1546 0.3053
v  -2.3568 17.2332 0.7427
v  -2.2983 17.5327 0.7195
# 8 vertices

vn 0.8680 -0.1323 0.4786
vn -0.8680 0.1323 -0.4786
vn 0.4583 -0.1573 -0.8748
vn -0.1910 -0.9786 0.0759
vn -0.4583 0.1573 0.8748
vn 0.1910 0.9786 -0.0759
# 6 vertex normals

g Marine_NoMesh_NoBonesRCollarbone
usemtl wire_255176145
s 2
f 385//345 386//345 387//345 388//345 
s 4
f 389//346 390//346 391//346 392//346 
s 8
f 385//347 388//347 390//347 389//347 
s 16
f 388//348 387//348 391//348 390//348 
s 32
f 387//349 386//349 392//349 391//349 
s 64
f 386//350 385//350 389//350 392//350 
# 6 polygons

#
# object Marine_NoMesh_NoBonesRUpperarmUpperarm
#

v  -1.8124 17.6697 0.4465
v  -2.5861 17.7058 0.5380
v  -2.6135 17.0176 0.5782
v  -1.8398 16.9814 0.4868
v  -1.9457 17.6104 -0.6585
v  -1.9731 16.9221 -0.6183
v  -2.7469 16.9582 -0.5268
v  -2.7195 17.6465 -0.5671
# 8 vertices

vn 0.1196 0.0532 0.9914
vn -0.1196 -0.0532 -0.9914
vn 0.9920 -0.0463 -0.1172
vn -0.0397 -0.9975 0.0583
vn -0.9920 0.0463 0.1172
vn 0.0397 0.9975 -0.0583
# 6 vertex normals

g Marine_NoMesh_NoBonesRUpperarmUpperarm
usemtl wire_255176145
s 2
f 393//351 394//351 395//351 396//351 
s 4
f 397//352 398//352 399//352 400//352 
s 8
f 393//353 396//353 398//353 397//353 
s 16
f 396//354 395//354 399//354 398//354 
s 32
f 395//355 394//355 400//355 399//355 
s 64
f 394//356 393//356 397//356 400//356 
# 6 polygons

#
# object Marine_NoMesh_NoBonesRUpperarm2
#

v  -1.8829 17.5117 -0.6608
v  -2.6302 17.7207 -0.5819
v  -2.8098 17.0569 -0.5245
v  -2.0625 16.8479 -0.6035
v  -2.0162 17.4523 -1.7659
v  -2.1958 16.7886 -1.7086
v  -2.9431 16.9976 -1.6296
v  -2.7635 17.6614 -1.6869
# 8 vertices

vn 0.1196 0.0532 0.9914
vn -0.1196 -0.0532 -0.9914
vn 0.9581 -0.2680 -0.1012
vn -0.2603 -0.9620 0.0831
vn -0.9581 0.2680 0.1012
vn 0.2603 0.9620 -0.0831
# 6 vertex normals

g Marine_NoMesh_NoBonesRUpperarm2
usemtl wire_255176145
s 2
f 401//357 402//357 403//357 404//357 
s 4
f 405//358 406//358 407//358 408//358 
s 8
f 401//359 404//359 406//359 405//359 
s 16
f 404//360 403//360 407//360 406//360 
s 32
f 403//361 402//361 408//361 407//361 
s 64
f 402//362 401//362 405//362 408//362 
# 6 polygons

#
# object Marine_NoMesh_NoBonesRUpperarm3
#

v  -1.9632 17.2429 -1.7611
v  -2.5637 17.7385 -1.7152
v  -2.9962 17.2070 -1.6345
v  -2.3957 16.7114 -1.6803
v  -2.0965 17.1836 -2.8661
v  -2.5290 16.6521 -2.7854
v  -3.1296 17.1477 -2.7395
v  -2.6971 17.6792 -2.8203
# 8 vertices

vn 0.1196 0.0532 0.9914
vn -0.1196 -0.0532 -0.9914
vn 0.7699 -0.6354 -0.0588
vn -0.6268 -0.7703 0.1170
vn -0.7699 0.6354 0.0588
vn 0.6268 0.7703 -0.1170
# 6 vertex normals

g Marine_NoMesh_NoBonesRUpperarm3
